1
2
3
5
6
7
8
9
10
11
12
13
14
16
17
19
20
21
22
24
26
28
29
33
34
35
36
38
39
40
41
42
43
44
45
47
48
50
51
52
53
54
55
56
57
58
59
60
61
62
64
65
66
67
68
69
70
71
72
73
74
75
76
77
78
79
80
81
82
83
84
86
89
90
92
93
94
95
97
98
99
100
101
102
103
104
107
108
109
111
112
113
114
115
118
119
120
121
122
123
124
125
127
130
131
132
133
134
135
139
140
141
142
143
147
148
149
150
151
154
155
156
158
159
160
162
163
164
165
167
168
169
170
172
173
174
177
178
179
180
181
183
184
185
186
187
188
189
190
191
193
194
195
196
197
199
200
201
202
203
204
207
208
209
210
211
212
214
215
216
217
220
222
223
224
225
226
227
228
229
230
231
232
233
234
235
236
237
238
239
240
241
242
243
246
247
248
249
250
251
252
253
255
257
258
259
260
261
262
264
266
267
268
269
271
273
275
276
277
278
280
281
282
284
285
286
289
290
291
292
293
294
296
297
298
299
300
301
302
303
304
305
307
308
309
310
311
312
313
315
316
317
318
319
320
321
322
323
325
326
327
330
331
332
334
335
336
337
338
339
340
341
342
343
344
346
347
348
349
350
351
352
354
355
356
357
358
359
360
361
363
364
366
367
370
372
373
374
375
376
377
378
379
380
382
385
386
389
390
391
392
394
395
396
399
401
403
404
405
407
408
410
411
412
413
414
415
416
422
423
428
429
430
431
433
434
435
436
437
438
439
440
441
443
444
445
446
447
449
451
452
453
454
455
456
458
459
460
462
463
464
465
466
467
469
471
472
474
475
477
478
479
480
482
484
485
486
487
489
490
491
492
493
494
495
496
497
498
500
501
503
504
505
507
508
509
510
511
512
513
514
515
516
519
520
521
523
524
526
527
528
529
530
531
532
535
536
538
541
543
544
546
547
549
550
551
552
553
556
557
558
559
560
561
562
564
565
566
567
568
569
571
572
573
574
575
577
578
579
580
583
584
585
586
587
589
592
593
595
596
597
598
600
601
603
605
606
607
608
609
612
613
616
617
619
620
623
624
625
626
627
630
631
632
633
635
637
640
641
642
643
644
645
647
648
649
650
652
653
654
657
658
659
660
661
662
663
664
665
666
667
668
669
670
671
672
673
674
675
676
677
678
679
680
681
682
683
684
685
687
688
689
690
691
692
693
694
695
696
698
699
700
701
702
703
705
707
709
710
711
712
713
714
715
716
717
718
719
720
721
723
724
725
726
728
729
730
731
732
733
734
735
736
737
738
739
740
742
743
744
746
749
750
751
752
754
755
756
757
758
759
761
762
763
764
766
768
770
771
772
773
774
776
777
778
779
780
782
784
785
786
787
788
789
790
792
793
795
796
797
799
801
803
804
805
806
807
808
810
811
812
813
815
817
818
819
820
821
822
823
824
827
828
830
831
834
835
836
839
840
842
844
846
847
848
849
850
851
852
853
854
855
857
858
859
860
861
862
863
864
865
867
868
869
870
871
874
875
876
877
878
879
880
881
882
