1
2
3
4
5
7
8
9
10
11
13
14
15
16
17
18
19
20
21
22
23
25
26
27
28
29
30
32
34
35
39
40
41
42
43
45
46
47
48
49
50
51
52
53
54
56
57
59
62
63
64
65
67
68
69
70
71
72
76
77
79
80
81
82
83
84
85
86
87
90
91
92
93
94
95
96
97
98
100
101
102
103
104
105
106
107
108
109
110
114
116
117
118
119
120
122
123
124
125
127
128
129
130
131
132
134
135
137
139
140
143
148
149
152
154
155
157
158
159
160
161
162
163
164
166
167
168
169
171
172
173
175
177
178
180
181
182
183
186
187
188
189
190
191
192
194
195
196
197
199
200
201
202
204
205
207
208
209
210
211
212
213
214
216
217
218
219
220
222
223
225
226
229
230
231
232
233
236
238
239
240
244
245
247
248
249
252
253
254
255
256
257
258
260
261
262
263
264
265
267
268
269
271
272
273
274
275
276
277
278
280
281
282
283
284
285
286
287
288
289
290
291
293
294
295
297
299
300
301
302
303
304
307
308
309
310
311
312
313
314
315
317
319
320
321
322
323
325
326
327
328
329
330
333
334
335
336
337
338
339
340
341
342
343
345
347
348
350
351
352
354
355
356
357
358
359
360
361
363
364
366
367
370
372
373
374
375
376
377
378
379
380
381
382
383
385
386
387
388
389
391
392
395
396
397
398
401
402
403
404
407
408
409
411
412
413
414
426
430
431
432
433
434
435
437
438
440
441
442
443
444
446
447
448
449
450
451
452
453
454
455
456
457
458
460
463
464
465
466
467
468
469
471
472
474
475
476
477
478
479
480
482
483
484
485
486
487
488
490
491
492
493
494
495
496
497
498
499
500
501
503
504
505
506
507
509
510
512
513
515
516
517
518
519
520
524
525
526
527
528
529
531
532
533
534
535
537
538
539
541
543
544
545
546
547
549
550
551
552
553
554
555
557
558
560
561
563
564
565
566
567
569
570
571
572
573
574
575
576
577
579
580
581
582
585
586
587
589
592
593
596
597
598
599
600
601
602
604
605
606
609
611
612
613
614
616
617
618
619
621
622
624
626
627
628
629
630
631
633
635
637
638
639
640
641
643
644
645
646
647
648
649
651
652
653
654
655
656
657
658
659
660
661
662
664
665
666
667
668
669
670
671
672
673
674
675
676
677
678
680
681
682
683
684
685
686
688
689
690
691
692
694
696
697
698
699
700
702
703
704
705
706
707
708
709
711
712
713
714
715
716
717
718
719
720
722
724
725
726
728
730
731
733
734
735
736
737
738
739
740
741
742
743
744
746
747
748
750
751
752
753
754
756
757
758
759
762
763
764
766
767
768
770
771
773
774
776
778
779
782
783
784
785
786
787
789
790
791
792
793
795
796
797
798
799
800
801
803
805
806
807
808
809
810
812
814
816
817
818
819
820
821
822
823
824
825
827
828
829
830
831
833
834
835
836
837
838
839
840
841
842
843
844
845
846
847
848
849
852
853
854
855
856
857
858
859
860
861
862
863
864
865
866
867
868
871
872
873
875
876
877
878
879
880
881
882
