1
2
3
5
6
7
8
9
10
12
13
14
15
17
19
21
22
23
24
26
27
28
29
30
33
34
36
37
40
41
42
43
44
45
47
48
49
50
51
52
53
54
55
56
58
59
60
61
62
63
64
66
69
71
72
73
74
75
76
77
78
79
80
81
82
83
84
85
86
89
90
91
92
93
94
95
96
97
100
101
102
103
104
105
106
107
108
109
110
111
112
114
115
116
117
122
124
125
126
127
128
129
131
132
133
135
136
137
138
139
141
142
145
147
148
149
150
151
152
154
155
156
157
158
159
161
162
163
165
167
168
170
171
172
173
176
177
178
179
180
181
182
184
185
186
187
189
190
192
194
195
196
199
200
201
202
203
204
205
206
207
209
210
212
213
214
215
217
218
219
220
221
222
226
227
228
229
230
232
233
234
235
237
238
239
240
241
243
244
245
247
248
249
250
251
252
253
254
255
258
259
260
261
263
266
267
269
270
271
273
274
275
278
279
280
281
283
284
285
286
287
288
289
291
292
293
295
296
297
299
302
303
304
308
309
310
313
314
315
316
317
318
319
320
321
322
323
324
325
326
327
328
329
330
331
332
334
336
337
339
340
341
342
343
344
345
346
347
348
349
350
351
352
355
357
358
359
360
361
363
364
366
367
368
370
371
372
373
375
376
377
378
379
381
382
385
386
387
388
391
392
393
395
396
397
398
401
402
403
405
409
412
413
414
415
416
422
426
428
430
431
432
433
434
436
437
438
439
440
441
442
443
444
445
446
447
449
452
453
455
456
457
458
459
460
462
463
464
465
466
467
468
470
471
473
474
475
476
478
479
480
481
482
483
484
485
486
487
488
489
490
492
494
496
498
499
500
501
503
505
506
508
509
510
511
512
513
514
518
519
520
523
524
525
526
529
530
531
532
533
534
535
538
539
540
541
542
544
545
546
547
548
549
550
551
552
553
554
555
558
559
560
561
562
563
564
565
566
567
568
569
571
572
573
574
575
576
577
578
579
580
582
583
585
586
587
588
591
592
594
597
598
600
602
603
605
606
607
608
609
610
611
612
613
616
618
620
621
622
623
624
626
627
628
630
631
633
634
635
636
637
638
639
640
641
642
644
645
646
648
649
650
651
652
653
654
655
656
658
659
660
661
662
663
664
665
666
667
668
670
671
672
673
674
676
677
678
679
680
681
682
683
684
686
688
689
690
692
693
694
695
696
697
698
699
700
701
702
703
704
705
708
709
710
711
712
713
714
715
716
717
719
720
722
723
724
725
726
728
730
731
732
733
734
736
737
738
739
740
741
742
743
744
746
747
748
749
750
751
752
754
755
756
757
758
759
760
761
762
766
767
768
769
770
771
772
774
776
778
779
780
782
783
785
786
787
788
789
790
791
793
795
796
797
798
799
800
801
803
804
805
806
808
809
810
811
812
814
815
816
817
818
819
820
821
822
823
826
827
829
830
831
832
833
834
835
836
837
838
839
841
843
844
845
846
848
849
850
853
854
855
856
857
858
859
860
861
862
863
865
866
867
869
870
871
872
873
874
875
876
877
878
879
880
881
882
